11.7024
11.7328
11.7185
11.7702
11.7266
11.7202
11.7194
11.7197
11.7127
11.6971
11.7301
11.7342
11.6341
11.7059
11.7036
11.6971
11.6800
11.6666
11.6516
11.6459
11.6662
11.6682
11.6261
11.6009
11.6497
11.6149
11.5817
11.6060
11.5916
11.6085
11.5172
11.5717
11.5622
11.5481
11.5355
11.5205
11.4995
11.4770
11.4792
11.4309
11.4382
11.4383
11.3961
11.3307
11.3413
11.3145
11.2861
11.3344
11.1661
11.2109
11.1497
11.2358
11.1608
10.9846
11.0201
10.9472
10.8804
10.8768
10.8211
10.6638
10.4585
10.5804
10.5728
10.3903
10.5895
10.7771
10.0618
10.1396
10.0166
10.1867
10.2255
10.0230
10.0143
10.0496
9.7191
9.6440
9.5323
9.9318
9.8088
9.7856
9.5140
9.5694
9.2734
9.5188
9.6815
9.8338
9.4550
9.2688
8.5743
8.8962
8.9384
9.0793
9.1423
8.6282
8.9781
8.8222
8.9078
8.9804
8.7852
8.7549
8.8886
8.8534
8.4607
9.3452
10.2674
10.0078
9.8390
9.6138
9.6048
9.5023
9.2693
9.1625
9.0498
8.8233
8.6125
8.5275
8.2898
7.9854
7.6485
7.5060
7.5388
7.3658
7.0525
7.0157
6.8590
6.7136
7.3064
9.0086
8.2836
8.5379
8.6256
9.0273
9.2741
8.4181
8.7740
8.4903
8.3941
