11.7445
11.7222
11.6749
11.6416
11.5601
11.5633
11.5032
11.4801
11.4859
11.4025
11.3739
11.3567
11.3159
11.3708
11.1871
11.2764
11.1491
10.9784
11.0911
10.9792
10.9885
11.0573
10.9498
10.9821
11.0519
10.9541
10.6493
10.6824
10.8189
10.8816
10.7770
10.6616
10.5092
10.4800
10.5087
10.5994
10.4176
10.3723
10.4152
10.2329
9.9918
10.0930
9.8739
10.0445
9.9266
9.8468
9.9167
9.9000
9.4664
9.7593
9.5207
9.9675
9.8050
9.3949
9.5518
9.3669
9.2828
9.4399
9.4223
9.1959
8.9117
9.2937
9.1235
8.8662
9.3360
9.8473
8.7619
8.7706
8.7972
9.1331
9.2042
9.1839
8.9015
9.2343
8.8157
8.5719
8.6452
9.2285
8.8437
8.9821
8.7591
8.5857
8.5551
8.7826
9.0994
8.9123
8.8015
8.3985
8.0391
8.3364
8.1425
8.0889
8.6981
8.1427
8.6206
8.2320
8.4941
8.6985
8.6175
8.5359
8.4547
8.3996
8.1254
8.9371
9.9967
9.7886
9.4277
9.1694
9.0123
8.9449
8.6258
8.3546
8.1430
7.9220
7.6039
7.4925
7.1090
7.0645
7.0383
6.8341
6.7019
6.6584
6.2621
6.2752
5.9445
5.9084
6.6666
8.9784
8.3036
8.5087
8.5936
8.9060
9.2291
8.2058
8.6063
8.3678
8.3470
8.7295
8.5809
9.2520
8.3782
7.9670
8.7496
8.4594
8.1391
7.5781
7.6391
7.8274
7.6653
7.9112
7.8543
8.3608
8.0259
8.2065
7.8233
8.2976
7.7441
8.0259
7.7377
7.8052
8.0124
7.9574
8.0003
7.3150
7.8954
7.9195
7.7113
7.6655
7.8230
7.7123
7.5797
7.7407
7.7572
7.7341
7.7010
7.7929
7.6213
7.2588
7.6916
7.5763
8.5707
9.1195
7.7408
7.4704
7.7028
7.7500
8.0684
7.7277
7.7368
7.9896
8.1841
7.9671
7.9901
7.8762
7.1776
7.4538
7.5028
7.7810
7.8072
7.8424
7.5873
7.5754
8.0701
8.1095
7.9943
7.9690
7.7990
7.7990
7.7398
7.9326
7.6483
7.6729
7.7561
7.7189
7.8072
8.3662
7.5278
8.0350
8.1742
8.9530
9.5956
8.6772
7.5549
6.9762
7.4824
7.3936
7.6693
7.7845
8.0481
7.8092
7.3241
7.6247
7.2892
7.8915
7.5161
7.5446
7.8218
7.7346
7.6375
7.8100
7.6505
7.8852
8.0145
6.7489
6.6645
6.7498
6.5825
6.9418
7.9470
8.7247
7.7677
7.0562
6.9843
7.6114
7.2307
7.7377
8.0752
7.4923
7.3948
7.4513
7.2834
7.6736
8.0425
7.4094
7.7438
7.9886
7.6833
7.5487
7.6084
7.4716
7.7695
7.3332
7.5797
7.6234
7.5127
7.4823
7.6944
7.6240
7.6399
7.5364
6.9817
7.6522
7.3966
7.6460
7.7173
8.0590
7.4380
7.3874
6.2321
7.0871
7.6489
7.3541
7.1080
7.4720
7.3869
7.4953
7.8234
7.5570
6.9126
7.3442
7.5677
7.9889
7.5454
7.8417
8.1008
8.2679
7.8019
7.7477
7.6983
8.1176
8.9037
6.6485
6.9485
7.5041
7.3218
6.8816
7.4549
7.6627
7.4474
7.6201
7.8961
7.2761
7.6309
7.0872
7.2130
8.4844
7.4676
7.8408
6.3935
6.8816
7.6472
7.4792
6.9230
6.7372
6.9919
7.0589
7.8566
7.8329
7.6116
6.6758
7.5828
7.5885
7.8124
7.5615
7.0200
7.2202
8.4123
7.9226
7.5622
7.3622
7.3874
6.4776
7.6306
7.7923
7.6086
7.2954
7.3576
7.3985
7.0600
6.9116
7.0154
7.3739
7.2282
7.3233
7.0690
7.5171
7.5503
5.7849
7.2380
7.5406
7.2942
7.2929
7.2269
7.2521
7.4071
7.2037
7.6867
8.1768
7.8517
6.9986
7.1694
7.4687
7.1874
7.2874
7.4417
7.6196
7.5307
7.2723
7.2072
7.6013
7.0463
7.3306
7.7566
7.8312
7.7743
7.5522
7.3757
7.4745
7.6670
7.3964
7.4613
7.9581
7.5285
7.3130
7.5672
7.0400
5.7432
7.2180
7.5567
7.1217
7.3685
6.6622
7.2975
7.4134
6.9321
7.7108
7.6115
6.8860
6.6558
6.3082
9.0958
7.3854
7.2601
7.4012
7.1488
6.9010
